%YAML:1.0
depthShift: -3.0165345430338766e+00
