%YAML:1.0
rotation: !!opencv-matrix
   rows: 3
   cols: 3
   dt: d
   data: [ 9.9426308539689467e-01, -1.8281414312671308e-02,
       1.0538836229762577e-01, 1.4078897951857273e-02,
       9.9908101482184797e-01, 4.0483459029676636e-02,
       -1.0603160684205612e-01, -3.8767456884283430e-02,
       9.9360675452475500e-01 ]
translation: !!opencv-matrix
   rows: 3
   cols: 1
   dt: d
   data: [ -1.0595164739266562e-01, -2.9229499054612511e-02,
       7.1069772412076992e-03 ]
essential: !!opencv-matrix
   rows: 3
   cols: 3
   dt: d
   data: [ 2.9991923446237895e-03, -5.9672926901126718e-03,
       -2.9330342714007206e-02, -4.1680183009186042e-03,
       -4.2374015175712090e-03, 1.0602326519471508e-01,
       2.7570129483172147e-02, -1.0638863598148017e-01,
       -1.2088401402021104e-03 ]
fundamental: !!opencv-matrix
   rows: 3
   cols: 3
   dt: d
   data: [ 9.3063646764731917e-07, -1.8557420153307231e-06,
       -3.2472918857131398e-03, -1.2944209022896116e-06,
       -1.3188944193160055e-06, 1.2854490062296404e-02,
       9.0988974905199752e-03, -3.3462142427287907e-02, 1. ]
