%YAML:1.0
cameraMatrix: !!opencv-matrix
   rows: 3
   cols: 3
   dt: d
   data: [ 3.7212254615137505e+02, 0., 2.5700752357289952e+02, 0.,
       3.7129702641209275e+02, 2.0401833034791542e+02, 0., 0., 1. ]
distortionCoefficients: !!opencv-matrix
   rows: 1
   cols: 5
   dt: d
   data: [ 1.1973958058856517e-01, -3.3378971148413755e-01,
       -7.6755395278756632e-04, 2.1877970864360012e-03,
       1.5892976807348266e-01 ]
rotation: !!opencv-matrix
   rows: 3
   cols: 3
   dt: d
   data: [ 1., 0., 0., 0., 1., 0., 0., 0., 1. ]
projection: !!opencv-matrix
   rows: 4
   cols: 4
   dt: d
   data: [ 3.7212254615137505e+02, 0., 2.5700752357289952e+02, 0., 0.,
       3.7129702641209275e+02, 2.0401833034791542e+02, 0., 0., 0., 1.,
       0., 0., 0., 0., 1. ]
