%YAML:1.0
cameraMatrix: !!opencv-matrix
   rows: 3
   cols: 3
   dt: d
   data: [ 1.0850976349046057e+03, 0., 9.3658084373946963e+02, 0.,
       1.0841731923426828e+03, 5.3121841898521450e+02, 0., 0., 1. ]
distortionCoefficients: !!opencv-matrix
   rows: 1
   cols: 5
   dt: d
   data: [ 5.8498359395123191e-02, -4.9038730552648464e-02,
       2.8811644553413812e-03, -1.7683077989291878e-03,
       6.7916363713025410e-03 ]
rotation: !!opencv-matrix
   rows: 3
   cols: 3
   dt: d
   data: [ 1., 0., 0., 0., 1., 0., 0., 0., 1. ]
projection: !!opencv-matrix
   rows: 4
   cols: 4
   dt: d
   data: [ 1.0850976349046057e+03, 0., 9.3658084373946963e+02, 0., 0.,
       1.0841731923426828e+03, 5.3121841898521450e+02, 0., 0., 0., 1.,
       0., 0., 0., 0., 1. ]
